-7461
-33627
-1305
25825
24753
15684
38500
-40089
-14917
-27622
-32699
5570
22458
25068
47529
32545
-23036
47921
25266
16957
-29140
-9444
-32033
11396
-6647
14817
31834
-39546
47462
-10298
-35070
-23980
17243
-4918
47960
-43608
46946
42759
25803
-23562
-16101
-38334
5242
-22800
2620
43634
-15314
36229
40779
23922
-24716
7029
41517
-14914
-7254
38441
-46033
-35239
33230
42959
-29590
-31321
-26528
28864
16904
-35504
-3597
-44150
44155
-4472
45062
-8090
-16371
-5779
-25761
-10814
-30911
-25010
4965
10067
12553
-28170
17480
21683
6262
-20421
-48165
-36383
31827
-21958
39807
-15537
19097
10801
10672
-38646
7158
-26944
5607
-28718
36449
10651
-12197
49260
-4195
19406
-5882
49990
-32574
-405
36777
-22170
-33788
-35592
-24686
6994
-23610
395
41658
-34784
16857
-9942
-11853
49542
-44382
44295
20950
9103
26788
-12235
2313
-29127
-18222
37478
-42479
-13937
45445
-21995
39481
-8730
26201
28104
-48584
13107
21335
40158
6618
-30144
49763
24473
43415
20308
-48046
-33884
-36257
7885
1896
-9791
43495
30380
-13657
-8930
-13497
20671
7657
4844
-27812
-33468
-9504
25656
24432
4088
-41568
23028
40995
26794
44763
-43553
14771
-15584
-3199
4364
-42764
21027
30258
-12630
5434
-49780
-12282
23153
-261
-21200
-14421
-48812
19731
13931
-42838
-43830
38895
27300
-38074
-10474
-1974
48656
-36439
11014
27890
-5112
-33082
20828
20642
-28471
38019
-16620
12212
33073
-4707
4346
-11820
-34398
-35683
-517
11020
17848
-3055
-11678
-42735
31209
5410
-12688
-14318
-42546
24337
41596
-25396
-24131
-39206
-49404
17786
-36005
4815
3715
30160
-36739
-5338
-39071
45559
38260
-37876
30857
-21002
45614
17383
-5398
18080
-11038
40465
12567
34303
-13718
33307
-41627
48376
21744
10430
-26690
-20873
-14741
-11432
-20243
39737
21298
353
21792
-13590
-3112
29811
-32122
40026
-34571
-11678
-39755
-707
-19655
14063
10279
-38019
44046
5996
-33170
-4891
-44689
-29200
-36889
-18632
31668
28481
-36184
24728
14004
-30871
-25128
-22820
-8033
19860
-30976
7254
1852
-35976
-40624
12940
-19130
-12064
-1598
17306
16318
-27187
39444
-10483
16603
-14062
-32685
-22541
37684
32622
19504
30034
-31056
15754
16232
44833
5384
49766
12806
-49269
26160
-26283
-4957
-39232
14363
41803
14466
-43258
20632
49185
-28342
39313
-21172
44831
46122
-15743
-40697
-26821
15839
20490
8222
21544
42038
-26669
30550
31922
47240
-48768
9473
42387
47397
-25969
35519
30260
45629
-18139
7540
48953
5714
-26183
20336
28345
31174
-36001
-49654
-43310
-11386
-7077
45159
-49474
-20404
-5137
24292
38779
44340
49953
45780
-12589
-11630
27118
21257
16732
10202
15636
-42627
33915
48235
-6035
31664
-19512
13199
-432
-26237
-18365
27643
-49504
-3158
-32623
-32758
39529
-4674
16745
46055
-8229
1200
-38344
-48448
-45630
15852
2329
-44393
-34807
10645
9094
-42566
-35498
916
40350
-33063
-37094
-6806
40361
34257
-5268
-7676
8777
-29726
4395
-1301
6071
-38849
-24713
-29190
-8223
-25567
-23361
11621
38459
2251
20313
7495
11053
29020
-18180
1379
4835
30640
18327
20072
8610
21727
14427
21639
28935
47871
31029
12002
-17233
-33494
-13794
4586
29703
-42370
-37947
25359
4778
-34631
-20870
23045
-46074
-17520
-49385
3977
16252
-36530
23484
20424
-34327
21861
-11428
-32195
-5547
-31651
-25411
-2468
44867
39876
-336
16227
31678
38835
-15719
-27576
11757
4159
23085
-40871
45842
-26211
43505
-35507
48416
30902
25707
19268
13572
39647
49158
-5225
-47538
-2875
-48073
19439
-43547
16650
35131
18038
41960
6403
18111
-27754
-33541
28455
16178
20480
34803
16823
27556
-17072
6133
25333
49690
-21265
-13360
47989
-31553
1118
11256
-33065
-15754
-16842
-36544
45909
-34231
-16049
17182
46313
-24560
-34297
25668
38781
32127
-6884
28939
-2339
48224
-34417
-36270
-30670
-11189
-23260
-9309
33104
11207
-24918
-16895
-38669
-34012
-20171
37404
39437
-31531
46589
-21934
6654
-18737
14914
33307
19477
-13504
17356
26767
-35645
16119
-7017
-27498
23884
-39379
-6951
-32166
-49148
42142
16803
32230
17198
-36146
24215
47164
22099
-22577
-49858
-34874
924
28987
45245
32952
-46942
31549
-45276
17756
112
-46100
-47010
22960
-5986
-9607
-13142
-5919
-26994
-9163
30368
19387
29276
37372
-2888
-8868
37088
-39912
19694
40250
37733
-13910
-18618
22743
29589
29831
25338
-36176
49820
44535
33457
-23313
-37816
-27625
44063
46574
-34319
45625
19350
30778
-33876
11846
17418
45006
-49439
-23688
49834
-21148
21410
46811
42078
-3048
48661
34952
-35582
-19662
-43023
5582
-27124
-45313
49902
-8763
-27214
35163
40980
-29289
36154
-34186
-17890
23143
47019
26290
36163
40797
-28566
-26293
41599
15672
-17132
2423
22802
-36570
43007
22142
15912
39825
-45114
42623
15223
-34948
29136
34503
-13020
-30462
10977
-42162
42563
-42736
-23390
-5341
40409
32590
23064
-20794
-4616
12040
-38691
13774
26120
-45176
1772
-19846
-11463
-15121
-3340
-49316
-40039
47159
-27063
-39089
-45372
16064
34423
14980
-42781
-20820
12785
35275
-11957
5401
13777
-7509
24270
-26935
-26896
20671
-41579
21641
48210
-32010
-27250
8900
16085
-39393
25815
21819
4411
14492
-179
1262
47347
-2253
-29416
-48875
34248
-21177
49959
-33461
-9158
6971
-18991
9903
-23759
10888
-19729
-2964
-303
28072
-19915
43024
-7117
42271
-2421
-26092
-19318
6837
-4427
26646
-14681
-11180
-44379
-28151
-32681
-33438
-23028
-45690
13393
-37134
13600
37170
-47027
-39435
-30724
-23975
36244
-36847
23304
16493
39566
12368
-27705
-45168
-40639
-11072
-41105
16406
-38892
17977
41737
-23750
-31622
-33845
-18201
34142
-29472
15508
37892
21612
-43872
39107
-3746
-33678
-43443
-3830
-28872
43366
-37767
-42303
-42052
-5043
16921
22478
-28774
-23769
-49847
7678
33447
40625
-31882
9484
-17112
-4217
-7651
-15086
14056
-11288
11299
-25400
11892
-2208
-24959
-28175
-41256
-21284
33747
-39715
41565
-366
32231
-15873
-10508
-2024
11994
31726
-21856
-27301
-28956
-16511
-23996
13254
5780
-31045
-46043
26715
-11303
15432
-15014
-39321
-40022
-44214
29340
-40136
-43238
28019
-16885
-496
-32490
43863
-42901
-1525
-4906
-967
11037
35068
-23819
20984
-32048
34800
48682
40385
-20996
14280
8383
-28111
46426
12808
-12390
5415
44898
-8702
-20347
21855
-12867
17829
1091
-44646
11190
22084
-36710
30455
-24369
-6145
44472
-26466
396
13379
13891
46602
-31493
23833
7418
-31739
29132
16314
-38123
-15532
45988
47798
-24388
14196
37951
47568
-34945
-38622
505
42451
1334
-8261
19486
37539
15661
-3594
8744
-42103
47620
-5105
-23939
32346
-37503
-13554
-15760
7796
49077
-26921
1434
-1722
17791
-112
47457
-10822
41162
-41684
-5510
-37567
-8145
-8581
48040
25618
11284
8478
29723
-29921
42834
-47872
11084
48386
19767
-29039
4518
-27724
-39407
29247
46232
-43166
24063
-43134
38939
-40499
5313
41379
-8097
18873
-26185
-17307
-34888
-46244
46209
4385
23538
3956
-7823
36207
12331
39576
39802
-46907
14459
30455
42101
-35508
-6957
773
-12684
49818
44875
25830
-17487
-11539
34812
-17201
9211
10977
-1104
43786
-25485
-5075
10028
17945
-19166
38686
185
24034
-34710
-1079
16316
4284
38208
-32669
5614
3389
-13539
-12500
16353
9949
-21014
-47444
-33196
44790
49224
28800
-5058
-43215
-36328
-12930
32557
1902
12340
41044
48855
-34117
-33104
38989
-37986
-12937
-35649
13555
-42592
-11843
-286
-25480
-10039
17028
45082
7354
-21992
17152
35240
-4163
3635
34016
36963
16125
6081
17606
-2200
38061
25359
7356
-4072
-12116
33629
42773
6211
40174
10518
-17585
-31257
14813
37342
-2598
32674
-13733
9561
35545
-43919
4422
1124
-38955
10235
-40165
-4906
-29653
-39151
37349
8398
-45147
-15295
-8645
39045
25376
-49769
-47679
48198
13353
-38761
4026
19915
10206
-34178
3077
-21528
-13547
-28854
45712
-18657
-30583
-6304
-17554
-23965
14944
-9762
44434
11042
-42462
27929
-19077
-18911
-30469
-11156
-15207
-16187
-39975
26804
45004
-31985
5937
-27063
-36590
1266
14357
33395
17813
9300
-2511
33391
22387
-26717
-48608
-46337
16304
-31120
11899
5046
-11996
24224
37567
26934
-44140
5905
-1448
-17564
-24550
39798
-14357
10103
12263
923
23581
35515
-49374
-20013
-30090
-14261
36034
32717
222
-49181
-21757
-19105
-11988
-7898
7164
40044
-42290
-23530
20620
-43598
-18520
-24844
39665
-20089
-30453
33074
48397
-23058
26122
-443
-26757
1460
42399
-4663
-35314
44493
-29315
29474
35741
-21465
49886
-45459
20224
43567
23093
14815
-711
-46213
5265
-10316
35065
-20332
-48195
46323
38839
-22162
13031
12799
-26451
28478
28931
21599
-20517
15057
16649
-31933
25488
35029
-35035
16869
-3118
-18467
-45810
3534
-2598
-13610
24572
5349
4487
-4254
17015
-9832
-35170
42656
22426
-25043
33289
-43015
-34951
-45289
-20815
7986
18230
29376
14506
39397
32709
24031
-28108
34654
-32964
-21716
-32227
48599
-8543
-21402
2131
21343
-10076
-27483
-16234
-1891
8765
27525
-7614
-31934
32578
48980
-16741
-30279
35661
-10996
-6513
24350
-26253
40007
5735
-4373
45994
7048
25437
2014
-3101
-8503
-13536
-24693
-41202
-13311
20308
-11521
37762
-3144
-33431
37023
4907
-11445
-35847
-6592
6597
-25373
-7590
-33902
-45763
-36630
-10724
32766
-14284
-29728
-23577
45306
-39068
47246
-9807
37821
21636
-31512
19812
-35760
2367
25556
22655
-14161
-34639
-11663
16692
29433
10943
7704
18294
-11401
-9363
46
26329
38953
7860
24952
40747
-25063
36015
-30423
-32239
-39816
3167
26037
-40434
31404
37174
-33473
26670
28943
-48619
-40055
-38130
37829
48827
-31246
48
45017
25905
-40930
-33740
-13915
-24382
-22273
-32639
17239
-12181
-19254
26576
-38698
6709
-42561
2808
-1215
33754
-27894
-34227
40498
4205
-20539
-21698
-2557
18339
19186
20401
44902
-38222
-14122
-4615
-16870
40398
-38926
-45996
10959
-25989
-45216
25984
-2258
-47984
-29353
-30755
5794
43493
44370
31555
33041
39907
2625
-9539
38371
43449
15054
36665
-44872
-11403
35673
-30766
24210
10200
-41550
45656
27917
43459
-26223
7252
33059
-43449
4671
-37466
25819
44744
-23077
48590
16890
28941
18952
25883
-8432
26146
-48520
6880
-13944
-2888
-36399
33773
-29267
-44990
4717
24484
-33875
20409
88
4819
-36467
8457
-34480
31896
-40278
16623
-44355
-5598
-41392
-36862
43634
45764
19830
-28157
26936
-385
-22057
-37254
-22988
2760
-7063
-16250
2023
-6633
38025
39891
12424
-25231
-39013
42129
39751
38416
40630
-19036
34659
33084
16335
-44707
-32928
-5757
16742
-7504
-17126
16585
37249
-39091
10705
-12257
-41588
28607
37545
-6909
12569
-44149
10158
27187
-11966
13012
43298
-9623
-26707
43694
-44147
32760
-7164
16156
-19301
-30419
35141
-18038
7085
34982
3443
16935
-4231
-786
40059
26900
-46544
31931
33197
36025
30627
5371
-29317
6776
-49508
38182
38488
-19739
17379
-596
35723
8689
5068
21404
33445
-38075
16192
-3945
15158
-15036
16563
5822
-34114
-25458
48240
24193
49670
911
-9070
47973
-3371
42064
-3660
6386
40678
749
30344
20624
-20309
32288
-16010
-1931
-7593
22166
16089
34468
-46390
16719
5869
37211
-6424
634
29666
14567
19331
-33155
21082
-28358
-5000
-16293
-20298
20452
-27794
2508
1192
8971
11513
13060
20463
-46131
20655
-35697
30564
-463
37150
41739
23937
34692
34841
-6600
19537
-40041
49637
-23561
34682
-45150
-42668
39776
46239
7819
41281
-33176
38139
15829
4148
-35520
16967
10966
-44623
-49884
3688
35381
-22640
-44349
24480
-24865
9864
39993
-28702
-46474
-37897
32240
-3999
38580
-28549
-25593
39604
33440
35187
-26129
-23119
-44068
25096
-48525
26985
-43501
48586
-17311
-27957
22288
-11393
-27148
892
23880
22198
-18173
-11584
-312
12419
26183
15535
-14908
2307
29158
-19388
-20516
28181
19496
-15315
25135
1189
46770
-33064
36079
-33661
40661
-25074
17170
-32842
22926
-24610
22102
-31232
-23443
40139
28541
21076
-13637
-41163
-31583
-47841
-26857
48410
36763
11286
-29196
-45976
36778
35576
-28266
-4760
32083
15441
-36352
14733
2265
-1060
9285
17581
42707
-34204
-19853
-6300
39500
-5136
-45223
32655
29580
-44804
-41585
-34555
-29716
-10980
36135
-46965
-29141
7482
46059
45469
-43417
-38906
-24668
-42342
16173
43067
-7183
35422
849
2665
-4130
29142
9390
5513
12759
37243
-2186
-13474
-47461
8761
49858
12088
-455
-43783
-39328
47936
-33580
-45582
-11042
10696
363
37855
27058
19363
-25794
9716
27092
42488
10637
-42509
-13826
40729
-12339
35971
-4162
46067
7878
-1107
-376
-17379
-16059
6538
-25306
1157
-18724
6044
-21865
-62
-28039
22777
-40670
-49161
41190
14737
30857
12040
-27577
-10676
29152
10226
-13290
-49973
-12623
-10449
-32395
49040
-12225
-24662
38511
-46514
42868
-10743
12793
-3765
-43109
-37816
37446
30194
-41571
33012
-47749
28561
4489
38334
10516
8546
-16441
-45060
-4665
-30037
-6593
11422
-15286
13168
-33239
-40919
34033
37295
24351
-10832
-14934
-25244
37705
1744
6456
-3261
-12004
16104
-30201
-24384
-6912
15112
-31574
44028
33967
-29580
36322
39511
11726
-20772
27739
-42379
972
-47358
-19155
-46974
-7922
-35205
9084
-43944
44973
16381
44944
-37202
4064
41853
-38608
26550
48987
5659
-728
19272
-14335
16341
39276
5340
3502
-13676
-43466
44886
-37728
-6785
-19214
-39923
1682
26074
-9297
33027
-22545
-10260
-19819
28598
-44670
-13738
39643
25068
-49288
-39817
25527
-42342
-23913
12650
18994
34592
2328
41916
37382
-27445
40938
-6352
-39826
17469
12704
-29554
-20776
33447
-13041
-4658
-253
-29503
22224
26974
-47798
30693
7293
-49770
48110
24683
28073
-48648
-33465
48800
-21696
-37460
-12940
20483
-24021
37557
-27475
29099
-32623
-7656
32376
-24233
-37092
45079
-44843
12306
46431
9632
-41217
-34645
-38628
42728
-31102
6529
11774
27732
-14167
14297
42974
-23906
-6115
24291
46143
42686
-32401
-21705
45028
-9266
-32304
26592
-43315
46464
-16196
16152
31344
-16409
10417
8545
17302
28374
2982
-43125
27261
-8850
-20105
-16968
-11499
21453
13851
-20138
32258
21731
24084
-20393
-49709
24085
45096
42296
25224
-43659
-28988
43058
-7867
-7899
-17583
47830
-44760
-7191
14078
-38569
-27535
4752
22376
-35928
-20348
36233
-48703
-29155
6923
-41677
24647
22733
-35356
28378
-30064
35746
4693
-39312
-43372
2420
-5418
-39292
39084
-30622
34641
-18034
38125
-41481
40266
6350
28876
-56
10679
-27197
563
16417
36838
9000
-48987
20716
-5576
2646
-46971
-47516
-15462
-46715
40078
-21718
7147
7837
6479
34998
33293
39743
42870
-44376
-4032
-33352
-12264
-45015
-20998
35481
-47247
17759
-9941
27708
32275
40210
43844
33572
44810
-19393
-16688
11865
-7894
-15691
44712
24059
-33440
1864
41657
-23500
-38773
-43217
-2649
47702
23542
-32735
-21161
41402
-29855
49205
17829
-43188
-24160
30515
-40383
-16013
48629
-9120
37107
-32193
33218
-19485
13996
6404
5598
-22566
26317
42303
48616
22456
27245
14450
-31081
28389
20074
-42951
-8976
13812
6185
362
-47064
4579
-15423
3241
2584
16555
42958
-42278
10544
-28138
-23704
-44813
-44693
43660
41801
36171
40424
-4968
-25782
-4118
45123
5308
30472
-4112
-9049
34279
-40624
-40639
-8813
48743
-34519
-20658
-29736
-14201
-6884
9578
-5082
3574
47509
42025
-24590
-49168
18395
-30371
-28608
16385
16411
-8804
-24364
-20050
47533
35514
-5168
-35582
-40517
-22350
-4571
-39860
9370
-36944
-46919
-10962
-26909
42419
-25339
-32982
5898
-24863
9735
27752
-46225
16017
31542
42510
36244
9103
-39723
-20345
-5404
39148
-33258
-14315
-15689
3718
37221
46196
-22066
11319
11726
-38988
43192
9429
14602
7519
32811
37702
21701
-36715
3947
-39469
-7102
-18150
-39297
-15292
25997
-29566
-4530
-6873
-12614
23028
8081
-14797
-45497
-10734
-3571
-16229
-32686
40924
-11883
-15699
24444
-10361
35395
-48216
-7666
31262
-18414
25644
19264
13246
-5203
42234
-18301
12145
-22498
-20478
-33810
-40649
17426
-39093
41378
44121
-30989
45129
-29986
7635
-33238
-16773
32103
28486
11767
46784
-49734
-26680
9175
21117
-32899
42560
-22197
-18382
6103
-2337
36691
36095
3013
-32019
-10958
28217
19678
35963
44521
16409
38724
-33362
35188
-39368
774
-11826
-42553
-40360
37750
48123
32927
32459
-14800
-49878
-3606
-5906
49525
-15897
-45916
28050
-17984
-30483
23219
10937
-9966
-9088
33235
-26284
24967
-143
-37912
1820
-30454
-19571
-35595
20660
-7514
38180
-5515
37618
-19508
-23136
-46128
2986
-46470
-2022
12548
5872
32148
-5734
-25483
18454
-34704
-42432
-18949
553
20418
2373
2984
-33895
-43526
23373
-21191
-9510
130
-33581
-46174
19561
-38246
46552
-32833
9764
-17807
-30882
28108
-21115
-44778
-48320
-43668
-5234
11905
-1709
-25557
-48287
2701
2274
-24692
7992
-41501
-25307
-4727
40518
20789
-21829
-27314
-47607
-47240
39938
38331
26753
-4928
26128
-28616
-40613
32501
47373
-1207
-4805
-34680
-19525
-26796
49739
-6375
-21264
-25881
-34373
45580
30218
-45344
44241
-27298
-12400
-16331
-32396
-5082
-20030
25855
33191
-30878
49370
-19921
39621
-30172
27304
3131
43643
36025
-469
15530
37032
-38207
46468
-43789
-42923
35453
40823
-32800
-37826
-69
12367
44664
-40472
3245
37808
43343
6403
-30029
-45445
47632
661
33340
37432
47361
28937
-29914
45416
32552
1931
-21431
9793
-36705
40396
7730
36506
19632
1110
-49446
-48641
-22656
42619
-3024
-5641
-18714
-49111
31876
-25482
9982
-21774
-2043
-43971
-7369
-43872
-39741
49371
-11679
1075
9369
33742
4507
-42404
44579
-8963
-35815
32676
32469
-16489
37127
-45507
-4992
-49519
22664
13743
-801
-1679
-45978
-4470
24019
-942
-20155
16002
41883
37130
46845
-25940
-304
35441
18213
956
47560
-33219
1240
20015
-16883
-18440
13495
-45790
16702
-22486
-617
37871
20332
-15417
24259
39289
-48385
-38490
-17284
-20571
11824
43499
22751
-44837
27448
-25380
7958
39618
-19373
5189
3880
44292
47431
46981
15405
44150
1497
-9997
-28078
44047
19687
-12471
3373
9907
8271
2919
39
-22931
33832
4476
-36137
10637
-47605
-45447
-21322
37353
16947
37812
-12473
-24575
-10200
-29866
-6279
-43411
6569
31771
-43186
-24786
48990
25244
-5609
-25212
-38019
-19465
2310
31378
26529
-38524
34950
48822
46912
39232
-2235
10241
-10464
-31547
47478
17561
-3762
26791
24084
13272
-24395
-45612
17266
-9524
27526
31854
15353
21199
-13839
47067
7605
49756
-15213
31620
-30562
-48685
-40286
-6998
38399
26133
34569
32086
-39902
-22695
6523
14413
-4167
20352
38810
49183
-19662
34464
12917
46052
47453
-25052
-30225
32089
-33604
36588
-48839
-42667
9716
-34466
14993
28609
39561
47851
-12039
7115
2015
-28000
38921
-23028
-22528
1656
26491
-21403
-17163
30887
49180
48978
27975
-46131
-42842
-16159
-6133
-8349
-9140
-24747
-20738
-27023
15067
-41700
3776
-2531
21820
12063
34052
-19830
-47507
9072
-29140
-11724
1625
30068
-22282
-23512
17471
-29122
26656
6296
-4531
-2286
15428
-26236
-16216
49879
22105
-21443
-38705
33178
36715
37444
1578
29251
-38355
47936
-41515
24784
32402
35749
-37952
49989
-28406
11637
-2150
-29979
10074
6059
43591
45233
-26997
21355
13517
2708
19924
36622
38316
-8737
-34096
40014
-48253
24568
37597
-4858
-12454
36824
17660
-21138
23992
42868
-40751
-27999
-34151
-6410
6698
-21759
17854
-18179
-18154
-38644
18349
25889
41728
21638
-1557
22456
-34759
12883
29612
-39681
35372
49461
43062
-25244
35060
-47063
25469
-20151
8615
32344
44500
5548
-48317
542
-41492
7632
-48116
36944
-41694
499
-12344
33059
22203
-49210
45089
-15709
33133
-13994
-30567
13837
-35009
4603
44427
-48109
-46071
-11651
15123
-23579
44567
35495
15859
-45545
-37498
-15868
-41792
-22276
-2985
-4311
33422
42075
9709
-14859
-40917
-1792
-20122
36727
-35401
-10392
40794
33197
35501
-14006
4307
15882
-15291
-31970
-37271
-41901
-1699
-49935
10485
22390
-14195
-31229
-17155
-38105
-44817
-39121
-6182
-47184
-24207
-28364
-5042
-49898
38130
-42579
-2632
-349
4302
11009
-66
9092
-35243
38930
-6350
14802
-24297
39649
45187
19260
-28217
-25092
13504
-45282
30371
24418
-18266
43190
29564
47523
-25940
10612
25407
10339
-17140
10587
33570
1452
-12400
-48666
34247
-15770
-4855
-244
-14500
10738
2794
-38094
3836
26568
-33554
-38733
5620
-42388
31468
32849
9926
-28620
9551
27145
32213
2055
26653
47359
12148
-1516
-17157
-42120
5405
45288
25938
11874
8373
-12618
-10967
22912
8782
-29335
29419
-46184
-15745
40486
39181
-14217
5064
22800
22344
-32762
-49189
-33873
-3112
19098
49515
35334
-32278
22759
32141
-4705
-17487
25128
16864
-21231
24957
-28325
-42967
23413
35706
-33014
6055
-40035
-21190
-44657
2168
-5706
-33908
-46962
1349
-49252
32080
12678
29628
-26683
-28472
-27201
11818
11953
45684
-327
25404
29164
-451
-5662
-21163
48742
22946
28184
37437
14738
-45568
-25278
35137
-1934
19763
-24696
-13682
-1157
29214
33632
46146
5585
-30747
17037
-42845
29053
9476
-21551
-20601
-23234
-13323
12244
-48334
48599
5181
40398
43508
16150
36126
-31256
29477
-2445
-20965
10182
-12469
-32442
-22357
-31082
-14708
40048
-24224
15263
-23934
-15885
47211
44849
-2542
37793
-3638
-21571
-21668
32023
-35757
16141
-41548
29706
3280
-46670
44455
2914
-17577
44001
-40815
-2653
-25022
36346
-6197
-33274
-4433
45201
2600
1119
38147
35483
22098
-24534
-25251
-31319
-23020
22817
40178
20914
25374
-10929
2005
12906
31848
49992
6157
-27503
31507
13582
-30249
21408
-45567
24776
-22103
18293
2549
-45868
-11303
31245
-47068
37957
-5714
-2792
-28280
17262
-40253
-39730
-26616
49670
44883
-35990
-4154
-34915
-48869
-45073
-4393
-9041
33874
-35207
-6054
3814
-11216
-472
-38629
-29727
-29128
17725
29290
-40744
13307
32219
43345
20739
33191
-33372
-10296
-2062
32429
-41001
-36577
-21378
35580
5946
27281
36421
-32125
16292
7456
-23955
-24931
43654
40707
35792
4948
-40823
19050
375
35639
22977
-33733
-43632
40224
14544
19415
27850
24689
28852
48813
6218
39497
43028
20080
-45020
7703
22811
-6268
14018
-42647
914
27556
-12133
-32221
-10908
-29058
-43325
4335
-1496
21955
6689
-16922
18179
5645
10474
49445
-45375
44470
47368
-1996
35153
-47453
-18687
28240
28681
28622
-33320
-472
-43685
-17671
-49082
39859
-38291
-43606
38297
-16191
-4754
2859
-34318
6742
-11871
-34115
15382
42538
-30691
-15316
23948
18781
-32385
-6950
-6922
7491
-14978
-34799
14053
-6844
39131
-48141
26024
12447
2197
-23359
-21580
16640
4052
5130
-30699
35734
2931
-3168
5271
-39641
15081
-16370
40416
-347
-44828
35039
14
39863
-26925
-14500
-25289
20461
33272
18497
48813
-28730
-8590
-34704
10076
4572
37245
29750
-3706
18422
40477
-14246
9883
5462
44106
16805
-36487
35429
2180
38473
-519
-48823
-43389
-30028
-34511
3391
45686
23808
-11357
14282
42096
-626
-37515
29098
48429
37011
-48180
38522
44218
-8989
3451
47250
20095
10068
-13050
-33213
19002
29797
36039
-28555
-43880
14306
-15341
27267
6638
13626
-29338
41259
15655
-32287
27375
-10309
-29622
10535
35442
-23358
-32313
27721
-4897
-10057
8801
28585
1631
-31132
1143
14593
-31372
38713
-13440
17181
22942
25343
5188
13352
-33876
7444
-27784
3024
-10190
-23780
11289
43969
-40860
-16762
10374
-10042
27958
-20503
-48555
15226
-22859
-29152
5656
2442
-3040
20729
-14523
20291
33977
37001
20904
-16584
-44277
577
24354
428
-35692
30159
29396
-42866
16297
32212
-41508
1307
27689
-26095
-7700
48932
9880
15920
25739
-32797
-10854
-36088
23418
-4833
20591
19859
-49741
-37105
-33228
1175
4734
-6286
22222
25388
21168
-26943
44831
43971
-1806
-7384
-386
41202
-554
-13428
-9
-35373
44106
-11719
-10235
-12289
11697
40874
-1785
27348
15231
38094
44823
-25273
-7804
-44247
-8412
16109
-38532
33678
7657
-48166
47953
-21603
4194
-34131
-46469
-41604
14904
33614
19278
32612
-22857
1421
-34301
40621
-18617
5104
15435
35068
-10846
-23451
39995
-21012
-2273
19291
9259
46724
-46373
33979
28259
6039
4337
28549
33920
-38050
34786
-10175
49577
-49915
20641
14932
-7683
-12053
43212
-48753
-29259
-4987
27025
-5479
16313
-39128
30634
-31377
48507
16713
-46851
-16465
-43117
-19675
28583
-15463
45446
20707
-21767
20948
36005
-39115
-36295
-22505
13428
-8800
-12908
-17532
6463
44297
45418
30284
3815
-36303
8776
-30302
25537
39037
-35348
4061
-25371
-1346
12508
7634
12227
-32896
-38659
-12861
-38878
30566
12249
14170
30934
-35925
27166
35017
-32823
24301
-28649
-12948
43368
23457
38568
40261
-1382
35317
47357
25636
-7552
3300
30756
2053
21559
23942
-5085
-37074
23522
36074
12933
13273
-3280
-7237
13575
-8720
-26182
-1835
-5776
46729
7760
-45795
-31419
-18002
-32132
-37686
-10025
-48319
1765
27793
283
10092
-38898
44754
38443
-46182
-26559
-36196
-39782
-39218
-42604
31931
-1507
-47219
27095
-45013
-42181
-28328
568
22992
29456
-32645
41452
-18578
-1033
7624
30704
-14761
27798
-42126
12941
16770
-20504
-36654
-46382
6003
-9157
40821
15830
29954
23613
37652
-4366
13854
14036
13100
-10004
-25956
-45579
-48332
-32014
-31737
-24680
45167
-40094
39338
22492
-30891
11267
33853
-43589
45500
15814
5911
7048
36348
-9302
-39520
-11797
5818
-41540
-8846
-41828
-47730
-3492
9717
32682
36546
22071
40332
-5946
-28699
-46944
34746
-48672
-49130
-5063
1256
20996
-4227
12100
47895
23645
40359
-1229
17786
34515
18442
17667
10778
-5506
3230
-7770
-12050
39994
-44710
-11015
-5956
-24802
-17752
49791
-40850
11235
-10517
18049
-10617
31556
-47138
34214
47617
18148
33297
-29720
-48083
-37879
14428
1269
27090
49425
3116
-28809
-24861
1897
-27941
-34002
44737
32294
28428
28561
32082
33756
11935
-29319
5289
22157
-19848
-48882
17885
30512
45267
-44006
25581
-20907
-7876
47413
28942
-29395
-29061
-17453
-20571
-45882
-42948
-45979
-39725
49261
-29933
-39105
11926
-37526
-29356
22188
-45126
-27104
-38383
-30607
-20794
-28390
-26311
-4930
20823
-35209
48836
-19235
15803
17966
-36336
-6811
-38491
14573
33299
-4254
-11932
-46672
-44467
-16831
42656
6945
-10677
-44387
-7814
-16420
26472
37210
-26221
2201
11992
3379
41056
-45645
29076
-23503
4018
-14987
-3420
48995
-36399
-7497
-49044
-18770
40935
28187
-25591
29039
-46970
19967
-37608
-8758
11448
27323
-12863
-9718
31995
45118
-5805
32087
-14986
-578
7593
1538
-34113
-17355
-26019
31566
39838
30346
-15452
-38679
-25399
-6197
-35393
47465
-49451
25191
-18
14023
-13300
22137
47173
-13706
9759
-42995
-22777
-4158
-26294
-20168
27876
-20423
-32014
-17683
-37515
23543
16952
5658
14688
-43646
-30462
-46059
-16064
2802
7108
-44611
9560
-21459
-25361
3766
-19619
-31075
-41152
44874
-10859
-6892
45073
6264
-32682
38700
-34658
5116
29617
17922
-7516
4670
35936
-18405
-26086
3900
-48907
-17078
-17502
-36174
-3213
-48966
-15478
-37072
-38731
531
-10669
-19020
17083
-45014
-40390
-4806
107
27364
26103
25156
13260
18352
-24031
33632
16348
-12576
-26401
-11666
-20506
8130
35049
-32162
12662
22249
-37
43395
-43449
-43724
14049
15167
14207
47250
-6472
39665
-4924
-3066
-37862
-44349
20608
-47885
48188
17385
-24086
-39993
-9265
107
-45374
-31411
-19119
47162
23779
40335
28995
-30654
-43341
29204
12333
-19007
34632
-35696
18821
43818
-5721
-3579
-42362
8578
-27726
5207
29814
44833
-34231
-43513
-40769
38935
25530
-46737
14077
14129
35028
-10769
27081
43492
-40971
-37336
-12006
11546
18759
44939
-27301
9889
-17476
-34510
-18788
347
5673
-28610
26563
-34980
-40667
-8147
-45257
-3710
26967
-31618
21856
-15546
-41288
10183
15279
39955
-45917
-36579
39052
-41926
15286
-7316
-45127
-6164
42637
24234
48006
33951
-7075
-34803
-11015
-7277
-15467
-15234
11484
-4462
-13525
-42134
-12722
-1696
46840
27798
-33957
46034
-33914
11819
840
27280
-48701
-16996
36365
-27209
-13099
48187
-6340
20912
-791
-35447
-39450
-37947
19474
6685
-6626
-41040
-25801
49708
-49708
-13763
8780
-33155
10461
-11698
-44305
4211
-4402
25860
45132
-28189
-40665
-15403
-8885
-36279
-9836
32706
-31333
-25416
-16160
48225
-47042
-39173
41674
18466
35145
-45489
-18667
29843
31015
89
37389
17120
-14855
-12639
23407
-7357
1860
-29497
-15007
27889
28778
-26943
-42819
-564
-46670
-47768
3797
-19315
-18711
23777
41635
14071
-47615
25947
-26599
-29593
32781
-35530
-23156
32601
-42218
12778
11462
39355
30577
13001
24858
4991
-23135
18856
13289
-7909
-34086
-42962
47240
-19910
-27800
39277
-10725
-43127
-9433
38249
26223
24092
-49689
47419
44158
38030
-39950
5837
-30161
7196
-2079
32061
-10047
6946
6083
14998
12865
9145
31838
-49518
31063
33241
-18051
-42209
-20345
-26265
-583
-2173
-19434
19890
33495
-16451
26006
38365
-25268
16685
-23211
-9928
-2886
6820
-40232
4452
-35983
28318
-6108
-6123
-45738
2500
4119
-14615
-18328
-13242
-30317
-30418
32566
7893
-20925
-49994
30049
35220
-36281
-22456
-19358
31866
-24832
9006
31654
-26669
36530
31554
-40592
-46041
48454
23968
12633
-29950
-3080
-34476
-49070
-41342
33882
-12244
15624
-32724
-37364
3171
-1446
16015
38815
1104
-41658
8923
28190
-19423
-3178
-16057
-36133
-3954
40769
-30970
9096
3358
-46791
18695
-7533
-16011
45070
15824
-44864
30546
-35542
-16124
38196
33549
-35849
-1156
-42042
25866
30475
9498
-38842
48881
27628
19018
-19716
16159
48912
33068
21386
-30455
19123
-36144
-38333
-14038
23587
20832
-31388
-1979
41982
21187
-48353
4034
33292
9883
-44011
-26652
-32023
33649
-43412
39250
-47969
37326
-45317
7808
6239
29588
34809
14330
-1434
-32038
7988
40525
23670
26387
47765
32385
-27636
35843
-33520
28797
20590
25359
-32877
7714
-1209
42204
-9424
38719
-22542
35860
-914
-25357
-18384
-14833
-2245
23752
30073
3950
18580
-27814
-49785
12959
-49839
-35092
32178
-47528
-48799
8379
23169
44460
34736
31584
21156
22323
-43540
5424
-7113
-11632
31707
9903
22998
-17240
29368
12348
1753
16420
49821
-35930
16829
-13342
32310
-16322
48501
29439
5713
47714
-362
-27417
-9487
-10522
9344
34255
31564
-31790
-26350
-10762
-39847
-39953
-20616
-27042
28403
11820
24330
4329
925
9000
47594
-33937
31450
-18943
15006
35123
48561
23554
-21655
29946
745
42360
5827
-5755
-34612
46035
-28705
-17218
-4764
38532
-21906
-38513
21573
-28923
27256
37498
-2345
-24999
5526
-39386
33412
-47491
-37902
17643
-46420
-5413
-4501
-49763
-21096
-21974
17911
6171
34628
3653
17431
15873
23232
1261
46600
20322
-27907
44590
-18929
42755
-10204
-44250
38981
39379
11974
33765
-1253
-41394
28615
-29375
12300
7753
-10327
43605
8398
49252
-35233
20254
19548
-12003
17106
27088
1902
-34330
-19418
45787
43862
30532
48826
1434
-38984
-32406
-1068
-46427
-12235
13246
-4665
49130
427
19219
32304
40461
-22743
29065
35635
12884
-23309
-40354
16397
-42232
-37741
-11383
-13939
-42820
34224
43582
44904
-10272
-41124
13687
23122
-5111
7797
-341
1230
-30986
-8786
-19992
49092
-15095
-594
-32350
-34947
15746
-47709
-36781
-4155
-3635
28427
-44607
-676
44732
35865
-15288
-44895
-39849
-49823
-19371
-2392
-522
-35808
-305
-9579
49344
-25324
-8745
15212
11487
27664
30035
-45600
46858
4215
21400
47867
-18301
34778
24809
36598
37632
-18586
42194
6273
38158
1574
43053
-831
-25658
36427
-19549
6768
-17583
29296
-46429
3725
-45721
29042
4412
36702
-28696
-41238
-20392
-41750
-29645
7536
-5559
18817
22533
-24970
2546
-17252
49760
22708
45926
-18089
-8204
-48753
969
19178
34548
-45529
-20326
8672
49550
40037
-3042
3020
-25981
-15790
-3113
8889
-34314
-34786
-16182
32977
28191
26710
-25396
-12100
-22144
15728
20697
49144
18724
29869
-6490
-24859
-9223
-29359
6007
39417
46081
-24198
10056
27499
27899
27181
-11856
21131
-15459
-19689
16198
865
4524
20895
-598
42789
-32457
33860
4247
-25237
29243
27454
15375
5916
-38462
-45035
-11628
-41457
-12634
-30335
12261
9062
21545
7048
-46071
32048
40180
-23003
-41015
38302
-44485
17868
22574
40232
-34812
22569
47704
-41626
-32731
-35383
-1010
-1998
-17531
17610
48695
-22221
-36048
46917
48802
-21554
5849
-45532
39989
-14036
-8375
-23023
-33394
-43548
-49952
-5739
-22339
-13307
2040
45234
31684
-23618
10848
-26438
-31230
-23471
20553
27185
26917
21129
29699
49793
-8823
34168
-43943
-27026
49062
-46193
-39679
23062
-10252
-41052
-29503
19203
-2396
-21600
-25190
-5070
29961
36434
47949
-32614
13755
48741
43210
-3852
-46140
-34493
-34208
39947
17069
8550
25747
26154
14585
26372
4371
26248
19277
-11155
-47623
31005
-27620
-30528
7586
-18422
2078
-13109
-32455
-39859
-49133
12369
-25008
48513
27787
-38065
-1167
-35334
49851
5670
-32181
-37746
-10145
48449
32645
40601
-10360
-41415
-45454
-15227
4729
26520
3716
9224
23175
3433
39307
16532
-951
-32640
-9096
27194
-18055
12690
-2214
11536
34035
36788
-11418
30306
6743
-16436
41402
-31022
38259
11562
-40509
-24910
-45933
-32250
37910
39470
-28753
-33100
-19003
17960
-27158
36227
-9980
12240
7157
13629
40014
-23920
13396
-30662
16993
6399
27362
-9910
39972
26894
-37891
-37026
-10882
36943
-577
30634
-12841
-30680
-25517
18205
22458
-45040
-21612
-19177
-29445
-39521
-4132
-5907
-25278
39316
-27362
39160
-16708
-30977
47603
-32166
35014
12311
11845
24211
32890
-36672
-23017
9024
-7698
-30338
-22393
21275
41579
-25842
47538
-40727
-27810
13499
2461
34627
39842
-41556
-34600
33323
7173
41947
21295
24115
28969
6598
-10698
-31461
-27606
-26366
-46889
-13270
26737
3175
-956
-17961
-28568
-37073
-59
1129
-40457
17849
4008
-14802
35849
43627
-25872
16463
4022
40190
-25818
-6
-16587
42639
31730
22556
-37902
-40695
-30973
19696
32385
14396
-38182
-5512
11772
-17412
-48446
-26465
31003
-41446
-5870
19640
47197
12877
-12965
46233
35033
37986
16645
44215
-46956
27230
40588
-25168
-29016
-42921
-45374
-20779
-35802
-41028
6460
5230
25523
44865
16514
-18160
43779
-30324
-47087
47628
16648
-14183
26685
48004
-8425
-43535
-27946
33627
-29891
29036
39364
31020
1821
-12062
-45709
16319
38442
42739
-39420
-5901
9337
-11114
19965
-49804
47960
-14581
-14810
-35141
-32340
-35522
23987
-41413
-11312
-3603
-10568
-37382
-29494
38877
207
33241
-7307
-1137
38460
-31166
-30525
8411
-47293
-18382
2404
25300
14216
-10449
-28786
-34586
44316
5747
12214
-11174
41389
26997
34103
-23778
-39975
-12940
-42439
47929
-34762
-23608
-14622
-17345
32963
14393
45504
-34964
-40136
19306
-36109
22240
7995
-13217
43641
-23814
-3850
-29596
30540
35346
-46003
-20334
37289
12275
3611
-26532
-40954
-16965
5737
32121
18907
-21594
-36277
20489
-13868
-26807
48256
9941
46000
41502
-39069
-17699
-3648
25436
228
32903
37623
48303
26907
9828
-34238
-21976
-39815
35695
-18748
-28878
-21065
-39611
-11936
22083
-48053
36137
10514
-25692
36018
17512
46149
24279
37354
-34680
-42648
-15614
-38338
-1953
-7286
-22528
-44900
37344
-16844
36220
48578
-20411
45390
6222
-48532
-20432
-24199
23694
-22948
-33689
16988
26252
-49881
-29085
13940
-28844
20383
2412
-16931
-45263
26732
-5777
26797
-33869
-8170
6103
-41243
-37702
1671
40114
2977
20928
-36938
-18576
-8275
-27486
22707
-37449
4397
28996
21202
-19023
44318
44010
-8556
-2102
-39817
-3159
489
-49767
22648
-27244
8015
30572
-33803
-38423
-15374
-47018
-3581
49576
-34362
41143
26976
-24425
37386
3504
40758
-13811
3752
-13179
-18036
30266
47253
-40184
-24302
26355
-32119
46982
25199
-42684
-43092
-29801
-48207
-45615
45780
-31618
49981
41851
2806
-38985
7550
29894
31991
22310
-23871
-44479
-46092
-22753
-27373
24429
-104
7401
-13112
48625
-44009
26120
-32398
48900
-29046
-11168
-43420
-4621
5648
-7601
-35949
-29958
49904
43180
14066
14663
35547
34398
17461
42172
9578
-40789
25665
35728
39299
35791
-23378
-18559
-44220
17886
-39235
-25148
12612
9204
769
22669
17185
32795
48582
-30298
44619
-8671
-48313
-42992
13680
20242
-36119
-7993
-48413
5678
-30618
43558
26665
36986
-17947
-423
-7239
18350
4901
12649
-43636
-16252
28935
-17558
-30971
27509
14326
-5092
11780
-8021
24789
16566
37975
35123
30443
-49408
-13773
-48444
34525
-5860
-23090
32035
-11348
-27689
40067
12540
-21362
-41790
40121
-44523
-12711
4072
-45943
-46238
30493
19465
8331
